# Matter power spectrum P(k) at redshift z=2
# for k=1.045e-05 to 10.6861 h/Mpc,
# number of wavenumbers equal to 613
#    1:k (h/Mpc)              2:P (Mpc/h)^3        
       1.045004358465e-05       9.145489954197e+00 
       2.333095830364e-05       1.980285140602e+01 
       3.625717138197e-05       3.026129777743e+01 
       4.926346170446e-05       4.063837729035e+01 
       6.238518340033e-05       5.100026658497e+01 
       7.565858108432e-05       6.139612728907e+01 
       8.912111517766e-05       7.186772642953e+01 
       1.028118016360e-04       8.245335505105e+01 
       1.167715704439e-04       9.318983693380e+01 
       1.310436472695e-04       1.041137320526e+02 
       1.456739626796e-04       1.152621688905e+02 
       1.607115932535e-04       1.266734859147e+02 
       1.762092387588e-04       1.383877762089e+02 
       1.922237391794e-04       1.504473814957e+02 
       2.088166347274e-04       1.628973643912e+02 
       2.260547708937e-04       1.757859718488e+02 
       2.440109489228e-04       1.891651008562e+02 
       2.627646196243e-04       2.030907657587e+02 
       2.824026148746e-04       2.176235669587e+02 
       3.030199061975e-04       2.328291507864e+02 
       3.247203730558e-04       2.487786476997e+02 
       3.476175545344e-04       2.655490672635e+02 
       3.718353465747e-04       2.832236184120e+02 
       3.975085925723e-04       3.018919145800e+02 
       4.247834979996e-04       3.216500104936e+02 
       4.538177802962e-04       3.426002035250e+02 
       4.847804449377e-04       3.648505227701e+02 
       5.178510599038e-04       3.885138118630e+02 
       5.532183878397e-04       4.137063213006e+02 
       5.910782339040e-04       4.405457103948e+02 
       6.316303850249e-04       4.691484074750e+02 
       6.750745609842e-04       4.996262936684e+02 
       7.216053758472e-04       5.320827602916e+02 
       7.714064215132e-04       5.666082724198e+02 
       8.246437268604e-04       6.032756839593e+02 
       8.814589978991e-04       6.421356324734e+02 
       9.419631766203e-04       6.832124520473e+02 
       1.006230932013e-03       7.265010503254e+02 
       1.074296682416e-03       7.719651324268e+02 
       1.146152626855e-03       8.195370669003e+02 
       1.221749044348e-03       8.691194475974e+02 
       1.300996843579e-03       9.205882476342e+02 
       1.383772069420e-03       9.737946689657e+02 
       1.469921856686e-03       1.028572888196e+03 
       1.559271205765e-03       1.084752540714e+03 
       1.651629950109e-03       1.142152652185e+03 
       1.746799373907e-03       1.200591052995e+03 
       1.844578083652e-03       1.259888638803e+03 
       1.944766900246e-03       1.319872783949e+03 
       2.047172686846e-03       1.380379883652e+03 
       2.151611143041e-03       1.441257169557e+03 
       2.257908672078e-03       1.502363735000e+03 
       2.365903467808e-03       1.563571222450e+03 
       2.475445979787e-03       1.624763286260e+03 
       2.586398907712e-03       1.685835648018e+03 
       2.698636858273e-03       1.746695300759e+03 
       2.812045774843e-03       1.807260143529e+03 
       2.926522227346e-03       1.867456932897e+03 
       3.041972628545e-03       1.927221655768e+03 
       3.158312425015e-03       1.986498508290e+03 
       3.275465296538e-03       2.045238719772e+03 
       3.393362386273e-03       2.103399850325e+03 
       3.511941575581e-03       2.160945678507e+03 
       3.631146811106e-03       2.217844651416e+03 
       3.750927487357e-03       2.274070079510e+03 
       3.871237885001e-03       2.329598612277e+03 
       3.992036663108e-03       2.384412343728e+03 
       4.113286402413e-03       2.438494089116e+03 
       4.234953195938e-03       2.491830285980e+03 
       4.357006283050e-03       2.544410461721e+03 
       4.479417722957e-03       2.596225715238e+03 
       4.602162103782e-03       2.647269533389e+03 
       4.725216283514e-03       2.697536540916e+03 
       4.848559159457e-03       2.747023126286e+03 
       4.972171463027e-03       2.795727731353e+03 
       5.096035577095e-03       2.843648901382e+03 
       5.220135373297e-03       2.890787366676e+03 
       5.344456067073e-03       2.937143703887e+03 
       5.468984088379e-03       2.982719711224e+03 
       5.593706966284e-03       3.027519210184e+03 
       5.718613225869e-03       3.071544042224e+03 
       5.843692296004e-03       3.114799301794e+03 
       5.968934426788e-03       3.157289226541e+03 
       6.094330615523e-03       3.199017881364e+03 
       6.219872540296e-03       3.239991025496e+03 
       6.345552500285e-03       3.280213597692e+03 
       6.471363362067e-03       3.319690482482e+03 
       6.597298511245e-03       3.358428536158e+03 
       6.723351808830e-03       3.396434532380e+03 
       6.849517551848e-03       3.433713288221e+03 
       6.975790437733e-03       3.470271043117e+03 
       7.102165532088e-03       3.506116147124e+03 
       7.228638239472e-03       3.541252071248e+03 
       7.355204276894e-03       3.575688918328e+03 
       7.481859649729e-03       3.609424358035e+03 
       7.608600629819e-03       3.642591095674e+03 
       7.735423735527e-03       3.675000157311e+03 
       7.862325713566e-03       3.706692356650e+03 
       7.989303522403e-03       3.737718563330e+03 
       8.116354317107e-03       3.768087030233e+03 
       8.243475435493e-03       3.797807528985e+03 
       8.370664385429e-03       3.826881316073e+03 
       8.497918833216e-03       3.855319763561e+03 
       8.625236592919e-03       3.883125529453e+03 
       8.752615616576e-03       3.910306419011e+03 
       8.880053985201e-03       3.936868363541e+03 
       9.007549900508e-03       3.962821098300e+03 
       9.135101677287e-03       3.988165188083e+03 
       9.262707736385e-03       4.012917664140e+03 
       9.390366598231e-03       4.037074460541e+03 
       9.518076876859e-03       4.060648687722e+03 
       9.645837274391e-03       4.083647423915e+03 
       9.773646575931e-03       4.106070954612e+03 
       9.901503644852e-03       4.127933683099e+03 
       1.002940741843e-02       4.149233238632e+03 
       1.015735690378e-02       4.169979134086e+03 
       1.028535117414e-02       4.190185409130e+03 
       1.041338936539e-02       4.209847159778e+03 
       1.054147067279e-02       4.228977211033e+03 
       1.066959434803e-02       4.247586538017e+03 
       1.079775969644e-02       4.265668008758e+03 
       1.092596607441e-02       4.283233801451e+03 
       1.105421288699e-02       4.300293786554e+03 
       1.118249958563e-02       4.316850938980e+03 
       1.131082566619e-02       4.332910610962e+03 
       1.143919066690e-02       4.348474483168e+03 
       1.156759416668e-02       4.363558825277e+03 
       1.169603578339e-02       4.378160834189e+03 
       1.182451517231e-02       4.392291210530e+03 
       1.195303202469e-02       4.405947097393e+03 
       1.208158606643e-02       4.419141383081e+03 
       1.221017705681e-02       4.431878600670e+03 
       1.233880478730e-02       4.444162088025e+03 
       1.246746908058e-02       4.455996861072e+03 
       1.259616978942e-02       4.467391646139e+03 
       1.272490679583e-02       4.478342639397e+03 
       1.285368001017e-02       4.488874853251e+03 
       1.298248937038e-02       4.498976100598e+03 
       1.311133484117e-02       4.508655386648e+03 
       1.324021641342e-02       4.517914944480e+03 
       1.336913410352e-02       4.526762337664e+03 
       1.349808795276e-02       4.535220019235e+03 
       1.362707802683e-02       4.543266620577e+03 
       1.375610441532e-02       4.550911589730e+03 
       1.388516723129e-02       4.558170542750e+03 
       1.401426661081e-02       4.565045638692e+03 
       1.414340271265e-02       4.571539391400e+03 
       1.427257571792e-02       4.577653319057e+03 
       1.440178582977e-02       4.583395802262e+03 
       1.453103327311e-02       4.588769894883e+03 
       1.466031829438e-02       4.593778443050e+03 
       1.478964116137e-02       4.598432615610e+03 
       1.491900216301e-02       4.602735224261e+03 
       1.504840160920e-02       4.606679586545e+03 
       1.517783983073e-02       4.610296946773e+03 
       1.530731717916e-02       4.613560695636e+03 
       1.543683402673e-02       4.616492920108e+03 
       1.556639076630e-02       4.619091868454e+03 
       1.569598781137e-02       4.621368452727e+03 
       1.582562559600e-02       4.623325628375e+03 
       1.595530457486e-02       4.624962760523e+03 
       1.608502522327e-02       4.626282217486e+03 
       1.621478803722e-02       4.627292033341e+03 
       1.634459353345e-02       4.627993468779e+03 
       1.647444224958e-02       4.628402987883e+03 
       1.660433474414e-02       4.628509628113e+03 
       1.673427159678e-02       4.628316257905e+03 
       1.686425340835e-02       4.627841647589e+03 
       1.699428080111e-02       4.627085821558e+03 
       1.712435441886e-02       4.626040374857e+03 
       1.725447492718e-02       4.624719371585e+03 
       1.738464301363e-02       4.623129150530e+03 
       1.751485938798e-02       4.621268361103e+03 
       1.764512478243e-02       4.619136338812e+03 
       1.777543995193e-02       4.616722986875e+03 
       1.790580567440e-02       4.614061219438e+03 
       1.803622275109e-02       4.611168220818e+03 
       1.816669200684e-02       4.608009482792e+03 
       1.829721429042e-02       4.604649246296e+03 
       1.842779047491e-02       4.600975451687e+03 
       1.855842145803e-02       4.597132039741e+03 
       1.868910816253e-02       4.593021442112e+03 
       1.881985153660e-02       4.588674797439e+03 
       1.895065255427e-02       4.584048918066e+03 
       1.908151221584e-02       4.579288274814e+03 
       1.921243154835e-02       4.574275982323e+03 
       1.934341160602e-02       4.569030659615e+03 
       1.947445347077e-02       4.563574724009e+03 
       1.960555825268e-02       4.557923427544e+03 
       1.973672709056e-02       4.552020911117e+03 
       1.986796115246e-02       4.545975735967e+03 
       1.999926163623e-02       4.539700822723e+03 
       2.013062977012e-02       4.533228731655e+03 
       2.026206681336e-02       4.526555757941e+03 
       2.039357405681e-02       4.519698721401e+03 
       2.052515282356e-02       4.512642800802e+03 
       2.065680446963e-02       4.505418376479e+03 
       2.078853038464e-02       4.498023692753e+03 
       2.092033199250e-02       4.490416016293e+03 
       2.105221075219e-02       4.482667641121e+03 
       2.118416815845e-02       4.474739368157e+03 
       2.131620574262e-02       4.466632576997e+03 
       2.144832507339e-02       4.458363435277e+03 
       2.158052775766e-02       4.449933436843e+03 
       2.171281544138e-02       4.441348332232e+03 
       2.184518981047e-02       4.432607901722e+03 
       2.197765259164e-02       4.423703522350e+03 
       2.211020555343e-02       4.414659963540e+03 
       2.224285050711e-02       4.405459942038e+03 
       2.237558930770e-02       4.396127303752e+03 
       2.250842385501e-02       4.386645822706e+03 
       2.264135609466e-02       4.377015554709e+03 
       2.277438801924e-02       4.367268359603e+03 
       2.290752166936e-02       4.357379332774e+03 
       2.304075913486e-02       4.347360677006e+03 
       2.317410255604e-02       4.337209894644e+03 
       2.330755412480e-02       4.326940921769e+03 
       2.344111608601e-02       4.316539451489e+03 
       2.357479073879e-02       4.306032672667e+03 
       2.370858043787e-02       4.295390685371e+03 
       2.384248759499e-02       4.284647924116e+03 
       2.397651468034e-02       4.273794429983e+03 
       2.411066422407e-02       4.262825498252e+03 
       2.424493881783e-02       4.251747389067e+03 
       2.437934111633e-02       4.240573091742e+03 
       2.451387383901e-02       4.229284483494e+03 
       2.464853977174e-02       4.217896172214e+03 
       2.478334176854e-02       4.206423330527e+03 
       2.491828275342e-02       4.194860952393e+03 
       2.505336572221e-02       4.183189918034e+03 
       2.518859374453e-02       4.171450233505e+03 
       2.532396996575e-02       4.159610713522e+03 
       2.545949760907e-02       4.147677400176e+03 
       2.559517997761e-02       4.135667902689e+03 
       2.573102045669e-02       4.123582517681e+03 
       2.586702251600e-02       4.111410728956e+03 
       2.600318971206e-02       4.099167151836e+03 
       2.613952569055e-02       4.086844184358e+03 
       2.627603418892e-02       4.074454229931e+03 
       2.641271903892e-02       4.061989159816e+03 
       2.654958416936e-02       4.049474238846e+03 
       2.668663360886e-02       4.036864014312e+03 
       2.682387148875e-02       4.024202818154e+03 
       2.696130204606e-02       4.011491046958e+03 
       2.709892962664e-02       3.998698905990e+03 
       2.723675868836e-02       3.985844092109e+03 
       2.737479380444e-02       3.972961577262e+03 
       2.751303966691e-02       3.960016486780e+03 
       2.765150109016e-02       3.947003513390e+03 
       2.779018301472e-02       3.933959881798e+03 
       2.792909051104e-02       3.920851279527e+03 
       2.806822878351e-02       3.907699333679e+03 
       2.820760317466e-02       3.894497964840e+03 
       2.834721916939e-02       3.881262871010e+03 
       2.848708239949e-02       3.867978785696e+03 
       2.862719864828e-02       3.854637942042e+03 
       2.876757385545e-02       3.841298729151e+03 
       2.890821412206e-02       3.827886849711e+03 
       2.904912571580e-02       3.814449236110e+03 
       2.919031507636e-02       3.800986993583e+03 
       2.933178882113e-02       3.787490361584e+03 
       2.947355375108e-02       3.773947393217e+03 
       2.961561685685e-02       3.760397260038e+03 
       2.975798532515e-02       3.746791667140e+03 
       2.990066654540e-02       3.733185640341e+03 
       3.004366811665e-02       3.719538026487e+03 
       3.018699785478e-02       3.705871933192e+03 
       3.033066380005e-02       3.692192937138e+03 
       3.047467422493e-02       3.678468566006e+03 
       3.061903764232e-02       3.664750337013e+03 
       3.076376281406e-02       3.650995095528e+03 
       3.090885875989e-02       3.637224589544e+03 
       3.105433476679e-02       3.623442311292e+03 
       3.120020039870e-02       3.609644727694e+03 
       3.134646550675e-02       3.595840432195e+03 
       3.149314023990e-02       3.582018802977e+03 
       3.164023505612e-02       3.568175383368e+03 
       3.178776073406e-02       3.554320361650e+03 
       3.193572838529e-02       3.540463763566e+03 
       3.208414946714e-02       3.526593928465e+03 
       3.223303579609e-02       3.512714591705e+03 
       3.238239956191e-02       3.498835363528e+03 
       3.253225334243e-02       3.484946204071e+03 
       3.268261011904e-02       3.471043001977e+03 
       3.283348329301e-02       3.457155893441e+03 
       3.298488670259e-02       3.443244186580e+03 
       3.313683464103e-02       3.429334279378e+03 
       3.328934187547e-02       3.415422012944e+03 
       3.344242366689e-02       3.401521604782e+03 
       3.359609579103e-02       3.387600459479e+03 
       3.375037456053e-02       3.373686622024e+03 
       3.390527684814e-02       3.359787204274e+03 
       3.406082011128e-02       3.345862303749e+03 
       3.421702241793e-02       3.331953887211e+03 
       3.437390247395e-02       3.318058218910e+03 
       3.453147965192e-02       3.304147589685e+03 
       3.468977402169e-02       3.290251161299e+03 
       3.484880638259e-02       3.276352919245e+03 
       3.500859829758e-02       3.262456088496e+03 
       3.516917212940e-02       3.248571483414e+03 
       3.533055107886e-02       3.234688306617e+03 
       3.549275922540e-02       3.220813533612e+03 
       3.565582157023e-02       3.206930792958e+03 
       3.581976408199e-02       3.193066292970e+03 
       3.598461374536e-02       3.179204221797e+03 
       3.615039861271e-02       3.165356289743e+03 
       3.631714785906e-02       3.151502308593e+03 
       3.648489184058e-02       3.137653776098e+03 
       3.665366215692e-02       3.123825463174e+03 
       3.682349171774e-02       3.109994609733e+03 
       3.699441481367e-02       3.096170466210e+03 
       3.716646719210e-02       3.082356964766e+03 
       3.733968613823e-02       3.068542340311e+03 
       3.751411056177e-02       3.054732897709e+03 
       3.768978108986e-02       3.040942860073e+03 
       3.786674016657e-02       3.027146360521e+03 
       3.804503215979e-02       3.013347589750e+03 
       3.822470347586e-02       2.999574854791e+03 
       3.840580268301e-02       2.985799218808e+03 
       3.858838064404e-02       2.972013416189e+03 
       3.877249065931e-02       2.958245532488e+03 
       3.895818862096e-02       2.944481728633e+03 
       3.914553317940e-02       2.930712096750e+03 
       3.933458592328e-02       2.916952471850e+03 
       3.952541157417e-02       2.903182696305e+03 
       3.971807819759e-02       2.889426113338e+03 
       3.991265743180e-02       2.875673878176e+03 
       4.010922473646e-02       2.861902552818e+03 
       4.030785966288e-02       2.848143904125e+03 
       4.050864614847e-02       2.834376258563e+03 
       4.071167283779e-02       2.820605119728e+03 
       4.091703343321e-02       2.806825244206e+03 
       4.112482707841e-02       2.793053031709e+03 
       4.133515877846e-02       2.779249898981e+03 
       4.154813986079e-02       2.765451550805e+03 
       4.176388848168e-02       2.751637604528e+03 
       4.198253018382e-02       2.737813924198e+03 
       4.220419851120e-02       2.723969651569e+03 
       4.242903568833e-02       2.710113204429e+03 
       4.265719337197e-02       2.696249091459e+03 
       4.288883348483e-02       2.682344824058e+03 
       4.312412914181e-02       2.668444181629e+03 
       4.336326568147e-02       2.654489400557e+03 
       4.360644181685e-02       2.640512458401e+03 
       4.385387092265e-02       2.626506391095e+03 
       4.410578247799e-02       2.612467703224e+03 
       4.436242368764e-02       2.598398230472e+03 
       4.462406130828e-02       2.584278271281e+03 
       4.489098371107e-02       2.570127033186e+03 
       4.516350321751e-02       2.555915097539e+03 
       4.544195875207e-02       2.541643885083e+03 
       4.572671886360e-02       2.527320290634e+03 
       4.601818517708e-02       2.512931039047e+03 
       4.631679634960e-02       2.498463263393e+03 
       4.662303261929e-02       2.483950874138e+03 
       4.693742105388e-02       2.469330493602e+03 
       4.726054162823e-02       2.454622895169e+03 
       4.759303428806e-02       2.439826521951e+03 
       4.793560719149e-02       2.424916048875e+03 
       4.828904636352e-02       2.409884393048e+03 
       4.865422705274e-02       2.394731250142e+03 
       4.903212714816e-02       2.379439428942e+03 
       4.942384310017e-02       2.363992959271e+03 
       4.983060889990e-02       2.348361342601e+03 
       5.025381881014e-02       2.332563710907e+03 
       5.069505471927e-02       2.316545914618e+03 
       5.115611921608e-02       2.300308635885e+03 
       5.163907577182e-02       2.283800334385e+03 
       5.214629778177e-02       2.267014258509e+03 
       5.268052867832e-02       2.249903446363e+03 
       5.324495589638e-02       2.232417136224e+03 
       5.384330215613e-02       2.214514376140e+03 
       5.447993831049e-02       2.196117450650e+03 
       5.516002281028e-02       2.177159634816e+03 
       5.588967347556e-02       2.157541430016e+03 
       5.667617728526e-02       2.137129327269e+03 
       5.752824238763e-02       2.115770605435e+03 
       5.845629166292e-02       2.093250754305e+03 
       5.947278550584e-02       2.069304019233e+03 
       6.059253702404e-02       2.043561506803e+03 
       6.183293616966e-02       2.015541304359e+03 
       6.321391895944e-02       1.984597704390e+03 
       6.475739931141e-02       1.949890862384e+03 
       6.648575417647e-02       1.910359224996e+03 
       6.841893751845e-02       1.864731530734e+03 
       7.057014991713e-02       1.811698965666e+03 
       7.294096001121e-02       1.750170062573e+03 
       7.551806995251e-02       1.679733684572e+03 
       7.827420133877e-02       1.601056383532e+03 
       8.117356133227e-02       1.516046069532e+03 
       8.417927801560e-02       1.427624552224e+03 
       8.725923920168e-02       1.339230648034e+03 
       9.038865675803e-02       1.254212258123e+03 
       9.354994726216e-02       1.175387954795e+03 
       9.673132963228e-02       1.104759658766e+03 
       9.992519888886e-02       1.043428132362e+03 
       1.031267606933e-01       9.916202147758e+02 
       1.063330369207e-01       9.488219298439e+02 
       1.095421943607e-01       9.139464672950e+02 
       1.127531107498e-01       8.855036687239e+02 
       1.159651012776e-01       8.617496864970e+02 
       1.191777488189e-01       8.408851896924e+02 
       1.223907995083e-01       8.211927124673e+02 
       1.256040988568e-01       8.011992927417e+02 
       1.288175528007e-01       7.797722608749e+02 
       1.320311039975e-01       7.562269292544e+02 
       1.352447174182e-01       7.303366254782e+02 
       1.384583715953e-01       7.023298651142e+02 
       1.416720533079e-01       6.727489654863e+02 
       1.448857543556e-01       6.423920590444e+02 
       1.480994695979e-01       6.121801378924e+02 
       1.513131957646e-01       5.829943767021e+02 
       1.545269307318e-01       5.556112777628e+02 
       1.577406730825e-01       5.306378058601e+02 
       1.609544218378e-01       5.084455964870e+02 
       1.641681762942e-01       4.891716111480e+02 
       1.673819359230e-01       4.727421591421e+02 
       1.705957003091e-01       4.588910222282e+02 
       1.738094691134e-01       4.472155571418e+02 
       1.770232420486e-01       4.372084695624e+02 
       1.802370188648e-01       4.283285707796e+02 
       1.834507993398e-01       4.200609066317e+02 
       1.866645832730e-01       4.119639573276e+02 
       1.898783704814e-01       4.035428139144e+02 
       1.930921607962e-01       3.944989996606e+02 
       1.963059540615e-01       3.846781832228e+02 
       1.995197501323e-01       3.740605261273e+02 
       2.027335488731e-01       3.627689710276e+02 
       2.059473501575e-01       3.510317428996e+02 
       2.091611538671e-01       3.391251995939e+02 
       2.123749598908e-01       3.273497960895e+02 
       2.155887681241e-01       3.159725492597e+02 
       2.188025784691e-01       3.052081451914e+02 
       2.220163908331e-01       2.952270069888e+02 
       2.252302051293e-01       2.861312678703e+02 
       2.284440212754e-01       2.779584806673e+02 
       2.316578391940e-01       2.707005150676e+02 
       2.348716588117e-01       2.642748380697e+02 
       2.380854800593e-01       2.585788551778e+02 
       2.412993028713e-01       2.534563295737e+02 
       2.445131271855e-01       2.487318024608e+02 
       2.477269529431e-01       2.442321003571e+02 
       2.509407800883e-01       2.398016990070e+02 
       2.541546085682e-01       2.353078023943e+02 
       2.573684383324e-01       2.306736129173e+02 
       2.605822693330e-01       2.258478830785e+02 
       2.637961015247e-01       2.208211402570e+02 
       2.670099348642e-01       2.156231679705e+02 
       2.702237693103e-01       2.102966777462e+02 
       2.734376048237e-01       2.049169099301e+02 
       2.766514413671e-01       1.995714714023e+02 
       2.798652789047e-01       1.943433744144e+02 
       2.830791174024e-01       1.893178278996e+02 
       2.862929568279e-01       1.845615673558e+02 
       2.895067971499e-01       1.801178802333e+02 
       2.927206383389e-01       1.760044173379e+02 
       2.959344803664e-01       1.722161214926e+02 
       2.991483232052e-01       1.687255613363e+02 
       3.023621668294e-01       1.654935025678e+02 
       3.055760112140e-01       1.624743261111e+02 
       3.087898563352e-01       1.596168678124e+02 
       3.120037021700e-01       1.568717696076e+02 
       3.152175486966e-01       1.541913766339e+02 
       3.184313958939e-01       1.515348510452e+02 
       3.216452437417e-01       1.488663944293e+02 
       3.248590922206e-01       1.461653274945e+02 
       3.280729413120e-01       1.434233954560e+02 
       3.312867909978e-01       1.406458677638e+02 
       3.345006412610e-01       1.378488048967e+02 
       3.377144920850e-01       1.350549481358e+02 
       3.409283434538e-01       1.322907442092e+02 
       3.441421953521e-01       1.295799080173e+02 
       3.473560477652e-01       1.269442152938e+02 
       3.505699006787e-01       1.244014604241e+02 
       3.537837540791e-01       1.219653347372e+02 
       3.569976079530e-01       1.196449807260e+02 
       3.602114622879e-01       1.174436993214e+02 
       3.634253170713e-01       1.153592240886e+02 
       3.666391722915e-01       1.133824489578e+02 
       3.698530279369e-01       1.114980709254e+02 
       3.730668839967e-01       1.096891756540e+02 
       3.762807404600e-01       1.079361283116e+02 
       3.794945973167e-01       1.062230098404e+02 
       3.827084545567e-01       1.045361595170e+02 
       3.859223121705e-01       1.028672245201e+02 
       3.891361701487e-01       1.012094385746e+02 
       3.923500284823e-01       9.956250710273e+01 
       3.955638871627e-01       9.792235062739e+01 
       3.987777461815e-01       9.629164560264e+01 
       4.019916055304e-01       9.467325054783e+01 
       4.052054652017e-01       9.307428905438e+01 
       4.084193251876e-01       9.150025924252e+01 
       4.116331854808e-01       8.995968824793e+01 
       4.148470460740e-01       8.845953278631e+01 
       4.180609069605e-01       8.700332537458e+01 
       4.212747681333e-01       8.559348395473e+01 
       4.244886295860e-01       8.423026975588e+01 
       4.277024913123e-01       8.291157271334e+01 
       4.309163533060e-01       8.163539934624e+01 
       4.341302155611e-01       8.040001205305e+01 
       4.373440780719e-01       7.920184536490e+01 
       4.405579408327e-01       7.803765459676e+01 
       4.437718038381e-01       7.690339639620e+01 
       4.469856670828e-01       7.579398147776e+01 
       4.501995305617e-01       7.470493593102e+01 
       4.534133942698e-01       7.363134344401e+01 
       4.566272582021e-01       7.257107284104e+01 
       4.598411223540e-01       7.152280726844e+01 
       4.630549867210e-01       7.048677298684e+01 
       4.662688512984e-01       6.946379465358e+01 
       4.694827160821e-01       6.845517421556e+01 
       4.726965810677e-01       6.746141688589e+01 
       4.759104462512e-01       6.648363947269e+01 
       4.791243116286e-01       6.552337001062e+01 
       4.823381771960e-01       6.458246243382e+01 
       4.855520429496e-01       6.366219344784e+01 
       4.887659088857e-01       6.276466043896e+01 
       4.919797750007e-01       6.189065359098e+01 
       4.951936412912e-01       6.103998008867e+01 
       4.984075077536e-01       6.021144336025e+01 
       5.016213743848e-01       5.940332788553e+01 
       5.048352411815e-01       5.861314320917e+01 
       5.080491081405e-01       5.783919879219e+01 
       5.112629752588e-01       5.708007001614e+01 
       5.144768425333e-01       5.633456482703e+01 
       5.176907099612e-01       5.560182720776e+01 
       5.209045775396e-01       5.488064815093e+01 
       5.241184452657e-01       5.417017742412e+01 
       5.273323131368e-01       5.346936168595e+01 
       5.305461811503e-01       5.277774982039e+01 
       5.337600493036e-01       5.209550782432e+01 
       5.369739175941e-01       5.142334206522e+01 
       5.401877860195e-01       5.076228943275e+01 
       5.434016545772e-01       5.011311790293e+01 
       5.466155232651e-01       4.947642128626e+01 
       5.498293920807e-01       4.885155793254e+01 
       5.530432610219e-01       4.823871838118e+01 
       5.562571300865e-01       4.763731275804e+01 
       5.594709992723e-01       4.704718903649e+01 
       5.626848685772e-01       4.646848971861e+01 
       5.658987379993e-01       4.590103741330e+01 
       5.691126075365e-01       4.534471173128e+01 
       5.723264771868e-01       4.479909403546e+01 
       5.755403469485e-01       4.426333822469e+01 
       5.787542168196e-01       4.373653357630e+01 
       5.819680867983e-01       4.321795586462e+01 
       5.851819568828e-01       4.270708407288e+01 
       5.883958270714e-01       4.220399079495e+01 
       5.916096973624e-01       4.170868830388e+01 
       5.948235677541e-01       4.122119682337e+01 
       5.980374382449e-01       4.074129213029e+01 
       6.012513088332e-01       4.026874465360e+01 
       6.044651795175e-01       3.980300953839e+01 
       6.076790502961e-01       3.934395417345e+01 
       6.108929211677e-01       3.889161375353e+01 
       6.141067921308e-01       3.844633191908e+01 
       6.173206631839e-01       3.800849055821e+01 
       6.205345343256e-01       3.757823438173e+01 
       6.237484055545e-01       3.715547881320e+01 
       6.269622768694e-01       3.673993921548e+01 
       6.301761482688e-01       3.633106481379e+01 
       6.333900197516e-01       3.592866466114e+01 
       6.366038913164e-01       3.553249522714e+01 
       6.398177629619e-01       3.514254122144e+01 
       6.430316346871e-01       3.475886170092e+01 
       6.462455064906e-01       3.438141349464e+01 
       6.494593783714e-01       3.400990359813e+01 
       6.526732503282e-01       3.364396575269e+01 
       6.558871223600e-01       3.328315984012e+01 
       6.591009944657e-01       3.292724277861e+01 
       6.623148666441e-01       3.257612639310e+01 
       6.655287388943e-01       3.222998218845e+01 
       6.687426112152e-01       3.188892337808e+01 
       6.719564836057e-01       3.155306146816e+01 
       6.751703560649e-01       3.122228028455e+01 
       6.783842285918e-01       3.089635070531e+01 
       6.815981011854e-01       3.057499407217e+01 
       6.848119738448e-01       3.025805732813e+01 
       6.880258465691e-01       2.994554312365e+01 
       6.912397193574e-01       2.963756569417e+01 
       6.944535922087e-01       2.933427407740e+01 
       6.976674651222e-01       2.903566259135e+01 
       7.008813380971e-01       2.874160971390e+01 
       7.040952111324e-01       2.845193457523e+01 
       7.073090842275e-01       2.816614987457e+01 
       7.105229573814e-01       2.788417290371e+01 
       7.137368305933e-01       2.760595721915e+01 
       7.169507038626e-01       2.733155457313e+01 
       7.201645771883e-01       2.706107333496e+01 
       7.233784505698e-01       2.679450920780e+01 
       7.265923240064e-01       2.653170201843e+01 
       7.298061974972e-01       2.627245519072e+01 
       7.330200710416e-01       2.601655231560e+01 
       7.362339446388e-01       2.576384235532e+01 
       7.394478182883e-01       2.551435913907e+01 
       7.426616919892e-01       2.526820120321e+01 
       7.458755657410e-01       2.502548169093e+01 
       7.490894395429e-01       2.478624827973e+01 
       7.523033133944e-01       2.455034518945e+01 
       7.555171872948e-01       2.431760835043e+01 
       8.259205627815e-01       1.990396366084e+01 
       9.280150980228e-01       1.527283171524e+01 
       1.090552453521e+00       1.053148197981e+01 
       1.346943533441e+00       6.422861813095e+00 
       1.693655695988e+00       3.720725711480e+00 
       2.132152443295e+00       2.129988046729e+00 
       2.684220786091e+00       1.209360068342e+00 
       3.379233758430e+00       6.815799695288e-01 
       4.254203250880e+00       3.815549324937e-01 
       5.355724579470e+00       2.122917266145e-01 
       6.742457771666e+00       1.174542409234e-01 
       8.488251426699e+00       6.465016211931e-02 
       1.068607542277e+01       3.541800183366e-02 
